0,483
0,482
0,481
0,480
0,479
0,478
0,477
0,476
0,475
47,7
47,6
47,5
47,4
47,3
47,2
47,1
47,0
46,5
46,4
46,3
46,2
46,1
46,0
45,4
45,3
45,2
45,1
45,0
44,3
44,2
44,1
44,0
0,474
0,473
0,472
0,471
0,243
0,470
0,469
0,468
0,467
0,466
0,465
0,464
0,463
0,462
0,461
43,4
43,3
43,2
0,460
43,1
43,0
0,459
0,458
42,3
42,2
0,457
42,1
42,0
0,456
0,455
0,454
0,453
0,452
0,451
0,450
0,449
0,448
0,447
0,446
0,445
0,444
0,443
0,442
0,441
0,440
0,439
41,4
41,3
41,2
0,438
41,1
41,0
0,437
0,436
40,3
40,2
0,435
40,1
40,0
0,434
0,433
0,432
0,431
39,5
0,430
0,429
0,428
0,427
39,4
0,426
0,425
0,424
39,3
39,2
0,423
39,1
39,0
0,422
38,4
0,421
0,420
38,3
38,2
38,1
38,0
